IS1007a.Mix-Headset 29.949066213921903 37.43633276740238 0.004965436644852161
IS1007a.Mix-Headset 22.46179966044143 29.949066213921903 0.013869925402104855
IS1007a.Mix-Headset 217.1307300509338 224.61799660441426 0.02610692009329796
IS1007a.Mix-Headset 52.41086587436333 59.898132427843805 0.029149675741791725
IS1007a.Mix-Headset 59.898132427843805 67.38539898132429 0.029885783791542053
IS1007a.Mix-Headset 209.64346349745333 217.1307300509338 0.08884654194116592
IS1007a.Mix-Headset 928.421052631579 935.9083191850594 0.1056595891714096
IS1007a.Mix-Headset 44.92359932088286 52.41086587436333 0.12929561734199524
IS1007a.Mix-Headset 0.0 7.487266553480476 0.14503663778305054
IS1007a.Mix-Headset 7.487266553480476 14.974533106960951 0.14788700640201569
IS1007a.Mix-Headset 958.3701188455009 965.8573853989814 0.15513204038143158
IS1007a.Mix-Headset 37.43633276740238 44.92359932088286 0.18938937783241272
IS1007a.Mix-Headset 67.38539898132429 74.87266553480475 0.19498176872730255
IS1007a.Mix-Headset 314.46519524618 321.95246179966045 0.20161963999271393
IS1007a.Mix-Headset 935.9083191850594 943.3955857385399 0.2208012491464615
IS1007a.Mix-Headset 920.9337860780985 928.421052631579 0.2639036476612091
IS1007a.Mix-Headset 306.9779286926995 314.46519524618 0.28225186467170715
IS1007a.Mix-Headset 14.974533106960951 22.46179966044143 0.3414536118507385
IS1007a.Mix-Headset 965.8573853989814 973.3446519524618 0.371759831905365
IS1007a.Mix-Headset 898.471986417657 905.9592529711375 0.37314438819885254
IS1007a.Mix-Headset 179.69439728353143 187.18166383701188 0.4097827970981598
IS1007a.Mix-Headset 426.77419354838713 434.2614601018676 0.4112527668476105
IS1007a.Mix-Headset 950.8828522920204 958.3701188455009 0.42179468274116516
IS1007a.Mix-Headset 292.00339558573853 299.490662139219 0.4576259255409241
IS1007a.Mix-Headset 569.0322580645161 576.5195246179966 0.46896252036094666
IS1007a.Mix-Headset 943.3955857385399 950.8828522920204 0.4906764030456543
IS1005a.Mix-Headset 14.974533106960951 22.46179966044143 0.015271970070898533
IS1005a.Mix-Headset 44.92359932088286 52.41086587436333 0.017210330814123154
IS1005a.Mix-Headset 494.1595925297114 501.6468590831919 0.024531971663236618
IS1005a.Mix-Headset 883.4974533106961 890.9847198641766 0.02739112637937069
IS1005a.Mix-Headset 434.2614601018676 441.74872665534804 0.029906854033470154
IS1005a.Mix-Headset 7.487266553480476 14.974533106960951 0.03538502752780914
IS1005a.Mix-Headset 29.949066213921903 37.43633276740238 0.036394838243722916
IS1005a.Mix-Headset 516.6213921901528 524.1086587436333 0.03642910718917847
IS1005a.Mix-Headset 37.43633276740238 44.92359932088286 0.0379415787756443
IS1005a.Mix-Headset 0.0 7.487266553480476 0.03920760378241539
IS1005a.Mix-Headset 292.00339558573853 299.490662139219 0.04268795996904373
IS1005a.Mix-Headset 22.46179966044143 29.949066213921903 0.04539988562464714
IS1005a.Mix-Headset 853.5483870967743 861.0356536502547 0.05602710321545601
IS1005a.Mix-Headset 509.13412563667237 516.6213921901528 0.0736887976527214
IS1005a.Mix-Headset 1003.2937181663838 1010.7809847198643 0.14651507139205933
IS1005a.Mix-Headset 524.1086587436333 531.5959252971138 0.16100695729255676
IS1005a.Mix-Headset 52.41086587436333 59.898132427843805 0.20429298281669617
IS1005a.Mix-Headset 988.3191850594228 995.8064516129033 0.21384087204933167
IS1005a.Mix-Headset 501.6468590831919 509.13412563667237 0.23159895837306976
IS1005a.Mix-Headset 808.6247877758914 816.1120543293719 0.232683926820755
IS1005a.Mix-Headset 576.5195246179966 584.0067911714771 0.26011890172958374
IS1005a.Mix-Headset 861.0356536502547 868.5229202037352 0.2677862048149109
IS1005a.Mix-Headset 584.0067911714771 591.4940577249575 0.2689130902290344
IS1005a.Mix-Headset 1018.2682512733447 1025.755517826825 0.3060193359851837
IS1005a.Mix-Headset 591.4940577249575 598.981324278438 0.31262022256851196
IS1005a.Mix-Headset 1025.755517826825 1033.2427843803057 0.3161620497703552
IS1005a.Mix-Headset 905.9592529711375 913.446519524618 0.32585588097572327
IS1005a.Mix-Headset 973.3446519524618 980.8319185059423 0.3382605016231537
IS1005a.Mix-Headset 980.8319185059423 988.3191850594228 0.34218817949295044
IS1005a.Mix-Headset 299.490662139219 306.9779286926995 0.3842969238758087
IS1005a.Mix-Headset 396.8251273344652 404.3123938879457 0.3850308358669281
IS1005a.Mix-Headset 269.54159592529714 277.0288624787776 0.41405215859413147
IS1005a.Mix-Headset 1010.7809847198643 1018.2682512733447 0.42808225750923157
IS1005a.Mix-Headset 666.3667232597624 673.8539898132428 0.4397653341293335
IS1005a.Mix-Headset 598.981324278438 606.4685908319185 0.4488562345504761
IS1004a.Mix-Headset 14.974533106960951 22.46179966044143 0.010845283977687359
IS1004a.Mix-Headset 22.46179966044143 29.949066213921903 0.015128295868635178
IS1004a.Mix-Headset 7.487266553480476 14.974533106960951 0.0222790390253067
IS1004a.Mix-Headset 793.6502546689304 801.1375212224109 0.09755805134773254
IS1004a.Mix-Headset 29.949066213921903 37.43633276740238 0.11649767309427261
IS1004a.Mix-Headset 778.6757215619695 786.1629881154499 0.22457070648670197
IS1004a.Mix-Headset 0.0 7.487266553480476 0.3549712002277374
IS1004a.Mix-Headset 426.77419354838713 434.2614601018676 0.4891420602798462
IS1006a.Mix-Headset 621.4431239388795 628.93039049236 0.0033861335832625628
IS1006a.Mix-Headset 7.487266553480476 14.974533106960951 0.005617112386971712
IS1006a.Mix-Headset 0.0 7.487266553480476 0.026559453457593918
IS1006a.Mix-Headset 509.13412563667237 516.6213921901528 0.09351098537445068
IS1006a.Mix-Headset 703.8030560271648 711.2903225806452 0.1125045120716095
IS1006a.Mix-Headset 14.974533106960951 22.46179966044143 0.14261394739151
IS1006a.Mix-Headset 711.2903225806452 718.7775891341257 0.14723138511180878
IS1006a.Mix-Headset 793.6502546689304 801.1375212224109 0.1567237824201584
IS1006a.Mix-Headset 733.7521222410866 741.239388794567 0.17059184610843658
IS1006a.Mix-Headset 277.0288624787776 284.51612903225805 0.1938597559928894
IS1006a.Mix-Headset 262.05432937181666 269.54159592529714 0.24526171386241913
IS1006a.Mix-Headset 808.6247877758914 816.1120543293719 0.2650524377822876
IS1006a.Mix-Headset 411.79966044142617 419.28692699490665 0.28838977217674255
IS1006a.Mix-Headset 269.54159592529714 277.0288624787776 0.2999497056007385
IS1006a.Mix-Headset 801.1375212224109 808.6247877758914 0.30421218276023865
IS1006a.Mix-Headset 284.51612903225805 292.00339558573853 0.316695898771286
IS1006a.Mix-Headset 396.8251273344652 404.3123938879457 0.367095947265625
IS1006a.Mix-Headset 636.4176570458404 643.9049235993209 0.3922520875930786
IS1006a.Mix-Headset 816.1120543293719 823.5993208828523 0.46432775259017944
IS1006a.Mix-Headset 299.490662139219 306.9779286926995 0.4730605483055115
IS1006a.Mix-Headset 831.0865874363328 838.5738539898133 0.47621577978134155
IS1006a.Mix-Headset 142.25806451612902 149.7453310696095 0.4832218587398529
IS1006a.Mix-Headset 494.1595925297114 501.6468590831919 0.4944189786911011
